 (  0.0000000E+00 ;  0.4900147     )
 (  9.9999998E-03 ;  0.4859687     )
 (  2.0000000E-02 ;  0.4823158     )
 (  2.9999999E-02 ;  0.4788342     )
 (  3.9999999E-02 ;  0.4754229     )
 (  4.9999997E-02 ;  0.4720350     )
 (  5.9999999E-02 ;  0.4686402     )
 (  7.0000000E-02 ;  0.4652239     )
 (  7.9999998E-02 ;  0.4617760     )
 (  8.9999996E-02 ;  0.4582885     )
 (  9.9999994E-02 ;  0.4547540     )
 (  0.1100000     ;  0.4511700     )
 (  0.1200000     ;  0.4475329     )
 (  0.1300000     ;  0.4438416     )
 (  0.1400000     ;  0.4400916     )
 (  0.1500000     ;  0.4362824     )
 (  0.1600000     ;  0.4324089     )
 (  0.1700000     ;  0.4284733     )
 (  0.1800000     ;  0.4244726     )
 (  0.1900000     ;  0.4204064     )
 (  0.2000000     ;  0.4162719     )
 (  0.2100000     ;  0.4120706     )
 (  0.2200000     ;  0.4077972     )
 (  0.2300000     ;  0.4034539     )
 (  0.2400000     ;  0.3990386     )
 (  0.2500000     ;  0.3945459     )
 (  0.2600000     ;  0.3899811     )
 (  0.2700000     ;  0.3853417     )
 (  0.2800000     ;  0.3806247     )
 (  0.2900000     ;  0.3758279     )
 (  0.3000000     ;  0.3709504     )
 (  0.3100000     ;  0.3659918     )
 (  0.3200000     ;  0.3609510     )
 (  0.3300000     ;  0.3558282     )
 (  0.3400000     ;  0.3506159     )
 (  0.3500000     ;  0.3453200     )
 (  0.3600000     ;  0.3399345     )
 (  0.3700000     ;  0.3344598     )
 (  0.3800000     ;  0.3288914     )
 (  0.3900000     ;  0.3232324     )
 (  0.4000000     ;  0.3174758     )
 (  0.4100000     ;  0.3116238     )
 (  0.4200000     ;  0.3056749     )
 (  0.4300000     ;  0.2996242     )
 (  0.4400000     ;  0.2934703     )
 (  0.4500000     ;  0.2872141     )
 (  0.4600000     ;  0.2808505     )
 (  0.4700000     ;  0.2743783     )
 (  0.4800000     ;  0.2677945     )
 (  0.4900000     ;  0.2610995     )
 (  0.5000000     ;  0.2542868     )
 (  0.5100000     ;  0.2473577     )
 (  0.5200000     ;  0.2403063     )
 (  0.5300000     ;  0.2331326     )
 (  0.5400000     ;  0.2258322     )
 (  0.5500000     ;  0.2184028     )
 (  0.5600000     ;  0.2108415     )
 (  0.5700000     ;  0.2031443     )
 (  0.5800000     ;  0.1953098     )
 (  0.5900000     ;  0.1873342     )
 (  0.6000000     ;  0.1792120     )
 (  0.6100000     ;  0.1709416     )
 (  0.6200000     ;  0.1625183     )
 (  0.6300000     ;  0.1539393     )
 (  0.6400000     ;  0.1451994     )
 (  0.6500000     ;  0.1362946     )
 (  0.6600000     ;  0.1272202     )
 (  0.6700000     ;  0.1179727     )
 (  0.6800000     ;  0.1085460     )
 (  0.6900000     ;  9.8935813E-02 )
 (  0.7000000     ;  8.9135408E-02 )
 (  0.7100000     ;  7.9141572E-02 )
 (  0.7200000     ;  6.8946876E-02 )
 (  0.7300000     ;  5.8545161E-02 )
 (  0.7400000     ;  4.7930349E-02 )
 (  0.7500000     ;  3.7095483E-02 )
 (  0.7600000     ;  2.6034137E-02 )
 (  0.7700000     ;  1.4736108E-02 )
 (  0.7800000     ;  3.1966513E-03 )
 (  0.7900000     ; -8.5949805E-03 )
 (  0.8000000     ; -2.0647161E-02 )
 (  0.8100000     ; -3.2971568E-02 )
 (  0.8200000     ; -4.5577418E-02 )
 (  0.8300000     ; -5.8477230E-02 )
 (  0.8400000     ; -7.1684428E-02 )
 (  0.8500000     ; -8.5212290E-02 )
 (  0.8600000     ; -9.9078178E-02 )
 (  0.8700000     ; -0.1133004     )
 (  0.8800000     ; -0.1279004     )
 (  0.8900000     ; -0.1429019     )
 (  0.9000000     ; -0.1583353     )
 (  0.9100000     ; -0.1742360     )
 (  0.9200000     ; -0.1906510     )
 (  0.9300000     ; -0.2076377     )
 (  0.9400000     ; -0.2252705     )
 (  0.9500000     ; -0.2436571     )
 (  0.9600000     ; -0.2629401     )
 (  0.9700000     ; -0.2833199     )
 (  0.9800000     ; -0.3050862     )
 (  0.9899999     ; -0.3286611     )
 (   1.000000     ; -0.3546487     )
